61.0 84.0 100.0 8.00 3.00 21.00 23.0 5.0 1.0 0.1
65.0 88.0 9.000 10.0 8.00 72.00 58.0 5.0 1.0 0.1
68.0 89.0 12.00 13.0 29.0 96.00 73.0 3.0 1.0 0.1
68.0 82.0 13.00 24.0 96.0 98.00 77.0 3.0 1.0 0.1
87.0 92.0 95.00 98.0 58.0 96.00 77.0 3.0 1.0 0.1
95.0 98.0 96.00 93.0 88.0 100.0 85.0 3.0 1.0 0.1
92.0 75.0 49.00 46.0 44.0 76.00 64.0 3.0 2.0 0.1
85.0 47.0 28.00 12.0 34.0 83.00 72.0 4.0 1.0 0.1
88.0 53.0 45.00 44.0 60.0 95.00 87.0 7.0 2.0 0.1
91.0 64.0 60.00 39.0 44.0 98.00 88.0 1.0 3.0 0.1
93.0 61.0 50.00 37.0 55.0 100.0 91.0 1.0 3.0 0.0
95.0 71.0 55.00 43.0 43.0 97.00 89.0 6.0 3.0 0.0
94.0 91.0 70.00 58.0 61.0 97.00 78.0 4.0 4.0 0.0
94.0 91.0 76.00 69.0 65.0 69.00 44.0 4.0 3.0 0.0
90.0 67.0 48.00 49.0 46.0 80.00 46.0 4.0 4.0 0.0
90.0 74.0 58.00 47.0 63.0 87.00 52.0 5.0 4.0 0.0
89.0 73.0 65.00 59.0 68.0 77.00 55.0 5.0 3.0 0.0
91.0 86.0 73.00 58.0 68.0 68.00 43.0 7.0 3.0 0.0
92.0 82.0 73.00 53.0 72.0 61.00 24.0 7.0 3.0 0.0
92.0 90.0 80.00 71.0 69.0 33.00 14.0 6.0 3.0 0.0
89.0 89.0 72.00 59.0 49.0 41.00 17.0 6.0 3.0 0.0
89.0 90.0 85.00 70.0 76.0 36.00 16.0 4.0 3.0 0.0
86.0 86.0 77.00 63.0 65.0 31.00 10.0 3.0 2.0 0.0
82.0 86.0 84.00 74.0 67.0 14.00 5.00 3.0 2.0 0.0
77.0 84.0 81.00 59.0 52.0 20.00 11.0 3.0 2.0 0.0
74.0 85.0 74.00 40.0 46.0 35.00 25.0 4.0 2.0 0.0
70.0 80.0 65.00 43.0 39.0 46.00 39.0 7.0 1.0 0.0
76.0 80.0 68.00 44.0 40.0 67.00 54.0 6.0 1.0 0.0
76.0 80.0 60.00 43.0 59.0 61.00 52.0 6.0 1.0 0.0
75.0 75.0 64.00 59.0 53.0 61.00 52.0 5.0 1.0 0.0
85.0 84.0 72.00 57.0 54.0 64.00 60.0 6.0 1.0 0.0
82.0 79.0 59.00 54.0 57.0 59.00 55.0 6.0 1.0 0.0
83.0 77.0 65.00 53.0 45.0 63.00 57.0 6.0 1.0 0.0